com.android.browser.permission.WRITE_HISTORY_BOOKMARKS : 0.0661380449582
android.permission.SYSTEM_ALERT_WINDOW : -0.154678572336
android.permission.WRITE_SETTINGS : -0.166263376587
android.permission.SEND_SMS : 0.246643615814
android.permission.RECEIVE_BOOT_COMPLETED : 0.0348884468237
android.permission.READ_PHONE_STATE : 0.335413974493
android.permission.CAMERA : -0.165749158121
android.permission.READ_EXTERNAL_STORAGE : -0.155649249411
android.permission.READ_SMS : 0.059177136561
android.permission.MOUNT_UNMOUNT_FILESYSTEMS : -0.0232461115856
substring : 0.164966125871
getMemoryInfo : -0.0158065349933
sendTextMessage : 0.0591348528996
getSubscriberId : 0.0669758798901
getLine1Number : 0.1662220517
loadClass : -1.02582423093
obtainMessage : -0.058820394056
getDocumentElement : 0.00704662544952
db : -0.189044594314
